PORT=8000
NODE_ENV=production
HEDERA_NETWORK=testnet
HEDERA_ACCOUNT_ID=0.0.6496433
HEDERA_PRIVATE_KEY=0x123e5eb16c64f824e9aa8169cb9ad9b7a5df47315e5bf9c3de2d0571d626921b
CONTRACT_ID=0.0.6514484
